116, 112, 63, 81, 97
70, 132
91, 135, 103, 106
73, 89
81, 71
112, 131, 115, 89
129
106
98
129
64
138, 72
92, 90
129, 121, 117, 89, 107
127
88, 128, 68, 124
82, 103, 130, 78, 105
61, 135
74, 133, 98
111
85, 96, 115, 106, 134
118, 90, 124, 121, 79
129, 82, 119, 87, 74
62, 138
109, 66, 119, 113
93, 118, 111, 135
95, 70, 113, 111
101
101, 131, 130
117, 86
121, 68, 119
81, 82
72, 131, 65, 120, 80
76, 120, 108
94, 92, 71
68, 118, 98
118
110, 60, 131
102, 68, 119, 62
107
60, 114, 83, 77, 84
81
114
104, 71, 138
62
129, 72, 90, 117
93, 75, 105
111, 89, 95, 87, 132
97, 121
79, 82
69
96, 137, 105, 117
88, 67
61, 70, 133, 120, 73
133, 80, 78
78, 82, 83, 69, 111
82
68, 94, 85, 130
82
62
118, 61, 63
123, 118, 125
107
84, 75
112
113
132, 129
83, 96
102, 87, 75
102, 74
124, 86
98, 122
62, 73, 97, 127, 61
132, 92
111
86, 67, 60
62, 95, 102, 61
93, 128
121
77, 82, 139, 71, 123
131, 70
128, 71, 93, 137, 100
125, 99, 79, 62, 133
95, 121, 112
117, 66, 116, 123, 98
111
125, 108, 110, 93
111
132
70, 66, 116, 118, 67
98, 118, 129, 122, 73
102, 112, 92, 120, 62
62
102, 93, 94
100, 102, 132, 112
129, 87
70, 137, 60, 130, 120
104, 73, 116, 123
62, 114, 129
95, 79, 119, 66, 77
