0
1
2
3
4
5
6
7
8
9
10
11
12
13
14
15
16
17
18
19
11, 0, 9, 16, 8, 6, 5
13, 7, 18, 16, 5, 0, 12, 9
17, 2, 0, 5, 15, 14
11, 7, 5, 12
13, 12, 19, 5, 9, 6
9, 7
4, 13, 18, 1, 6, 12, 19
14
10, 1, 18
15, 7, 1
8, 4, 0, 16, 1, 13, 12, 5
7, 19, 8, 15, 10
32
1, 19, 7, 0, 14, 10, 13
6, 3, 11, 2, 0, 7, 17, 12
9, 13, 11, 18, 8, 15
16, 9, 1, 17, 5, 15
14
18, 12, 19, 11, 3, 17, 9
39
11, 3, 19, 7, 15, 14, 5
5, 15
6, 17, 4, 0, 1, 16, 3
19, 3, 9, 6, 10, 11
3, 4, 0, 15
10, 0, 4, 6
2, 4, 3, 5, 11, 18, 16, 17
10, 16
1, 7, 5, 11
19, 9, 6, 11
16, 1, 6, 7, 14, 11
19, 1, 2, 7, 4
8, 15, 18, 4, 16, 11
19, 5, 15, 9, 11
10, 2, 3, 5, 14, 12, 11
8
16, 19, 8, 12, 4, 1, 11
16, 3, 12
12, 10, 19
5, 12, 16
25
34, 28
49
40
54
65
22
67
20, 41
44, 48
38
71
20
58, 53
32, 55
75
58, 20
26, 20
54
28, 53
45
81
82
27, 53
84
49, 33
59
87
25, 53
89
90
50
34
32
20, 23
46
35, 57
55
32, 47
53
46, 35
101
102
21, 30
44
105
106
58, 31
108
109
110
32, 36
112
24, 23
26
37, 36
33
117
26
119
39, 29
121
53, 22
123
124
27, 34
126
45, 49
128
23, 38
130
43
27, 44
53, 56
56
43
136
23
50
139
